	17	x	13	19

0	0		0	0
1	0		-9	-2
2	0		-5	-4
3	0		-1	-6
4	0		-10	-8
5	0		-6	-10
6	0		-2	-12
7	0		-11	-14
8	0		-7	-16
9	0		-3	-18
10	0		-12	-1
11	0		-8	-3
12	0		-4	-5
13	0		0	-7
14	0		-9	-9
15	0		-5	-11
16	0		-1	-13
17	0		-10	-15
18	0		-6	-17
19	0		-2	0


x % 17 = 0
x % 13 = 11
x % 19 = 16

x = ?

17k%13 = 4

k
1	4
2	8
3	12
4	3
5	7
6	11

17x(6+13k)%19 = 7
(17x6+17x13k)%19 = 7

k
0	7
1	0
2	12
3	5
4	17
5	10
6	3
7	15
8	8
9	1
10	13
11	6
12	18
13	11
14	4
15	16

17x(6+13*15) 
= 17x6 + 17x13x15
= 3417
